
47422
48055
46145
47455
46387
47591
48053
47899
48061
47672
47391
48063
46968
48053

47233
48044
46303
47558
46117
47728
47871
47773
47918
47473
47441
48062
47238
47891

47459
47919
46185
47311
46252
47842
48080
47951
48048
47678
47203
47897
47174
48090

47459
47919
46185
47311
46252
47842
48080
47951
48048
47678
47203
47897
47174
48090

47459
47919
46185
47311
46252
47842
48080
47951
48048
47678
47203
48038
46957
47962

47399
48034
46139
47487
46176
47674
47984
47852
48037
47630
47403
48038
46957
47962

47450
47917
46283
47363
46210
47878
48085
47939
48044
47711
47073
47920
47212
48086

47470
47833
46608
47513
46059
47894
48065
47900
47938
47720
46955
47829
47122
48066

47470
47833
46608
47513
46059
47894
48065
47900
47938
47720
46955
47829
47122
48066

47408
48006
46520
47563
46081
47820
48002
47849
48003
47651
46852
48002
47075
48006

47357
48065
46460
47637
46047
47790
47960
47802
47961
47523
47026
48069
47005
47961

47357
48065
46460
47637
46047
47790
47960
47802
47961
47523
47026
48069
47005
47961

47513
48024
46382
47481
46201
47725
48077
47864
48125
47608
46815
48018
46940
47996

47513
48024
46382
47481
46201
47725
48077
47864
48125
47608
46815
48018
46940
47996

47278
48027
46640
47661
45953
47914
47906
47792
47902
47339
46937
48057
47164
47990

47278
48027
46640
47661
45953
47914
47906
47792
47902
47339
46937
48057
47164
47990

47278
48027
46640
47661
45953
47914
47906
47792
47902
47339
46937
48057
47164
47990

47492
47936
46474
47464
46182
47880
48099
47956
48058
47542
46722
47908
47030
48104

47492
47936
46474
47464
46182
47880
48099
47956
48058
47542
46722
47908
47030
48104

47266
48098
46724
47692
45982
47770
47870
47733
47983
47306
46981
48100
47075
47882

47266
48098
46724
47692
45982
47770
47870
47733
47983
47306
46981
48100
47075
47882

47502
47883
46441
47443
46179
47912
48089
47948
48000
47493
46834
47884
47057
48103

47502
47883
46441
47443
46179
47912
48089
47948
48000
47493
46834
47884
47057
48103

47502
47883
46441
47443
46179
47912
48089
47948
48000
47493
46834
47884
47057
48103

47380
48105
46613
47650
46112
47705
47865
47743
48094
47275
47009
48102
47011
47876

47380
48105
46613
47650
46112
47705
47865
47743
48094
47275
47009
48102
47011
47876

47586
47865
46720
47439
46026
47915
48085
47983
47875
47421
46725
47869
47208
48096

47586
47865
46720
47439
46026
47915
48085
47983
47875
47421
46725
47869
47208
48096

47430
48087
46584
47567
46160
47684
48024
47785
48087
47469
46924
48090
46986
47865

47430
48087
46584
47567
46160
47684
48024
47785
48087
47469
46924
48090
46986
47865

47430
48087
46584
47567
45958
47921
47907
47932
47862
47320
46914
47972
47210
48083

47462
47928
46744
47612
45958
47921
47907
47932
47862
47320
46914
47972
47210
48083

47462
47928
46744
47612
45958
47921
47907
47932
47862
47320
46914
47972
47210
48083

47586
48028
46661
47395
46176
47848
48089
47951
48034
47309
46955
48087
47199
47869

47349
48089
46824
47636
46093
47770
47849
47729
48034
47309
46955
48087
47199
47869

47349
48089
46824
47636
46093
47770
47849
47729
48034
47309
46955
48087
47199
47869

47557
47849
46767
47489
46013
47895
48069
47956
47900
47516
46769
47852
47172
48081

47557
47849
46767
47489
46013
47895
48069
47956
47900
47516
46769
47852
47172
48081

47375
48121
46553
47584
46183
47721
47995
47741
48110
47487
46892
48119
46985
47889

47375
48121
46553
47584
46183
47721
47995
47741
48110
47487
46892
48119
46985
47889

47526
48085
46538
47481
46173
47828
48078
47946
48069
47411
46634
48058
46955
48073

47522
48085
46538
47481
46173
47828
48078
47946
48069
47411
46634
48058
46955
48073

47522
48085
46538
47481
46173
47828
48078
47946
48035
47422
46786
48053
47182
47835

47308
48054
46744
47597
46136
47740
47952
47690
48035
47422
46786
48053
47182
47835

47308
48054
46744
47597
46136
47740
47952
47690
48035
47422
46786
48053
47182
47835

47502
47892
46863
47421
46012
47962
47986
47978
47875
47502
46641
47873
47237
48123

47502
47892
46863
47421
46012
47962
47986
47978
47875
47502
46641
47873
47237
48123

47485
48065
46537
47475
46201
47708
48016
47885
48044
47658
46878
48030
46952
47992

47485
48065
46537
47475
46201
47708
48016
47885
48044
47658
46878
48030
46952
47992

47485
48065
46537
47475
46201
47708
48016
47885
48044
47658
46878
48030
47167
47928

47283
48078
46708
47532
46023
47890
47903
47779
47931
47448
46887
48044
47167
47928

47283
48078
46708
47532
46023
47890
47903
47779
47931
47448
46887
48044
47167
47928

47525
47866
46668
47307
46211
47913
48083
47919
47963
47671
46667
47842
47176
48088

47525
47866
46668
47307
46211
47913
48083
47919
47963
47671
46667
47842
47176
48088

47525
47866
46668
47307
46211
47913
48083
47919
47963
47671
46667
47842
47176
48088

47336
48086
46488
47530
46222
47698
47997
47757
48068
47649
46891
48058
46975
47855

47336
48086
46488
47530
46222
47698
47997
47757
48068
47649
46891
48058
46975
47855

47459
47882
46714
47429
46051
47940
47961
47917
47866
47503
46831
47857
47213
48111

47459
47882
46714
47429
46051
47940
47961
47917
47866
47503
46831
47857
47213
48111

47459
47882
46714
47429
46051
47940
47961
47917
48088
47674
46712
48081
46986
47887

47409
48107
46517
47418
46272
47705
48047
47795
48088
47674
46712
48081
46986
47887

47409
48107
46517
47418
46272
47705
48047
47795
48088
47674
46712
48081
46986
47887

47333
47879
46790
47536
46041
47841
47932
47896
47863
47464
46895
47895
47244
48099

47333
47879
46790
47536
46041
47841
47932
47896
47863
47464
46895
47895
47244
48099

47434
48107
46573
47320
46252
47597
48054
47840
48073
47678
46715
48026
47027
47988

47434
48107
46573
47320
46252
47597
48054
47840
48073
47678
46715
48026
47027
47988

47434
48107
46573
47320
46032
47817
47909
47808
47831
47473
46938
47940
47205
47982

47207
47915
46674
47524
46032
47817
47909
47808
47831
47473
46938
47940
47205
47982

47207
47915
46674
47524
46032
47817
47909
47808
47831
47473
46938
47940
47205
47982

47498
48075
46507
47343
46268
47664
48076
47863
48087
47721
46766
48010
47009
48059

47498
48075
46507
47343
46268
47664
48076
47863
48087
47721
46766
48010
47009
48059

47207
48068
46674
47526
46128
47749
47879
47721
48019
47492
46919
48042
47189
47904

47207
48068
46674
47526
46128
47749
47879
47721
48019
47492
46919
48042
47189
47904

47433
47855
46679
47371
46068
47814
48088
47943
47827
47641
46740
47839
47228
48088

47433
47855
46679
47371
46068
47814
48088
47943
47827
47641
46740
47839
47228
48088

47433
47855
46679
47371
46068
47814
48088
47943
47827
47641
46740
47839
47228
48088

47325
47974
46581
47538
46146
47686
47962
47834
47947
47568
47037
47999
47207
47975

47325
47974
46581
47538
46146
47686
47962
47834
47947
47568
47037
47999
47207
47975

47347
48040
46689
47430
46240
47721
47972
47840
47948
47566
46833
48011
47444
47989

47347
48040
46689
47430
46240
47721
47972
47840
47948
47566
46833
48011
47444
47989

47456
48014
46734
47278
46368
47827
48056
47928
48021
47640
46647
47939
47551
48068

47456
48014
46734
47278
46368
47827
48056
47928
48021
47640
46647
47939
47551
48068

47456
48052
46584
47491
46344
47585
47989
47796
48011
47660
46866
48024
47438
47933

47410
48052
46584
47491
46344
47585
47989
47796
48011
47660
46866
48024
47438
47933

47410
48052
46584
47491
46344
47585
47989
47796
48011
47660
46866
48024
47438
47933

47271
47891
46806
47515
46158
47888
47928
47841
47850
47509
46937
47903
47694
48010

47271
47891
46806
47515
46158
47888
47928
47841
47850
47509
46937
47903
47694
48010

47435
48064
46506
47322
46329
47837
48051
47894
48024
47648
46716
47988
47590
48064

47435
48064
46506
47322
46329
47837
48051
47894
48024
47648
46716
47988
47590
48064

47435
48064
46506
47322
46329
47837
48051
47894
48024
47648
46716
47988
47590
48064

47247
48071
46727
47566
46203
47725
47895
47772
47923
47529
46973
48084
47546
47904

47247
48071
46727
47566
46203
47725
47895
47772
47923
47529
46973
48084
47546
47904

47451
47915
46684
47299
46369
47893
48079
47925
48017
47682
46664
47849
47608
48087

47451
47915
46684
47299
46369
47893
48079
47925
48017
47682
46664
47849
47608
48087

47451
47915
46684
47299
46369
47656
47980
47699
48053
47590
46906
48054
47499
47851

47251
48081
46715
47538
46360
47656
47980
47699
48053
47590
46906
48054
47499
47851

47251
48081
46715
47538
46360
47656
47980
47699
48053
47590
46906
48054
47499
47851

47410
47881
46856
47449
46159
47885
47956
47963
47843
47505
46823
47858
47685
48111

47410
47881
46856
47449
46159
47885
47956
47963
47843
47505
46823
47858
47685
48111

47434
48087
46543
47408
46406
47651
48024
47828
48043
47667
46889
48073
47431
47969

47434
48087
46543
47408
46406
47651
48024
47828
48043
47667
46889
48073
47431
47969

47434
48087
46543
47408
46406
47651
48024
47828
48043
47667
46889
47967
47687
47997

47224
47929
46753
47549
46187
47945
47922
47839
47848
47485
47034
47967
47687
47997

47224
47929
46753
47549
46187
47945
47922
47839
47848
47485
47034
47967
47687
47997

47421
48035
46542
47287
46376
47927
48079
47940
48069
47692
46791
47979
47500
48086

47421
48035
46542
47287
46376
47927
48079
47940
48069
47692
46791
47979
47500
48086

47200
48079
46696
47513
46342
47764
47868
47707
48062
47554
47017
48071
47556
47851

47200
48079
46696
47513
46342
47764
47868
47707
48062
47554
47017
48071
47556
47851

47200
48079
46696
47513
46342
47764
47868
47707
48062
47554
47017
48071
47556
47851

47445
47885
46703
47375
46156
47968
48070
47978
47864
47611
46807
47880
47685
48114

47445
47885
46703
47375
46156
47968
48070
47978
47864
47611
46807
47880
47685
48114

47277
48095
46693
47547
46273
47755
47917
47777
47953
47486
47079
48135
47503
47929

47277
48095
46693
47547
46273
47755
47917
47777
47953
47486
47079
48135
47503
47929

47422
47834
46164
47476
46144
47868
48021
47946
47839
47718
47066
47887
47424
48068

47422
47834
46164
47476
46144
47868
48021
47946
47839
47718
47066
47887
47424
48068

47422
47834
46164
47476
46144
47868
48021
47946
47839
47718
47066
47887
47424
48068

47324
48125
46074
47339
46437
47712
48052
47824
48112
47826
46872
48075
47237
47903

47324
48125
46074
47339
46437
47712
48052
47824
48112
47826
46872
48075
47237
47903

47362
47913
46265
47538
46190
47903
47915
47902
47847
47577
47058
47964
47400
48086

47362
47913
46265
47538
46190
47903
47915
47902
47847
47577
47058
47964
47400
48086

47362
47913
46265
47538
46190
47903
47915
47902
47847
47577
47058
47964
47400
48086

47383
48054
46074
47308
46398
47768
48053
47919
48101
47773
46914
48005
47172
48085

47383
48054
46074
47308
46398
47768
48053
47919
48101
47773
46914
48005
47172
48085

47160
48084
46282
47511
46242
47731
47883
47785
47960
47536
47128
48082
47373
47875

47160
48084
46282
47511
46242
47731
47883
47785
47960
47536
47128
48082
47373
47875

47160
48084
46282
47511
46242
47731
47883
47785
47960
47536
47128
48082
47373
47875

47455
47858
46425
47351
46286
47618
48075
47920
47963
47750
46886
47857
47355
48090

47277
48086
46540
47460
46346
47372
47994
47755
48079
47728
47063
48085
47144
47861

47411
47874
46775
47476
46145
47586
47945
47883
47876
47546
47047
47876
47393
48105

47411
47874
46775
47476
46145
47586
47945
47883
47876
47546
47047
47876
47393
48105

47417
48050
46602
47341
46366
47562
48054
47901
48063
47703
46844
48067
47253
48065

47417
48050
46602
47341
46366
47562
48054
47901
48063
47703
46844
48067
47253
48065

47213
48081
46737
47531
46411
47356
47881
47674
48076
47559
47112
48084
47262
47859

47213
48081
46737
47531
46411
47356
47881
47674
47855
47638
47105
47854
47379
48084

47271
48065
46244
47536
46345
47350
47992
47757
48068
47682
47433
48071
47005
47848

47271
48065
46244
47536
46345
47350
47992
47757
48068
47682
47433
48071
47005
47848

47407
47877
46469
47470
46171
47639
47941
47916
47882
47519
47462
47883
47266
48106

47407
47877
46469
47470
46171
47639
47941
47916
47882
47519
47462
47883
47266
48106

47458
48107
46470
47369
46231
47719
48048
47816
48095
47676
46724
48083
46988
47942

47458
47973
46681
47551
46008
47935
47915
47864
47846
47475
46947
47954
47210
48035

47356
47973
46681
47551
46008
47935
47915
47864
47846
47475
46947
47954
47210
48035

47356
47973
46681
47551
46008
47935
47915
47864
47846
47475
46947
47954
47210
48035

47504
47972
46555
47291
46242
47902
48073
47910
48067
47675
46684
47934
47118
48078

47504
47972
46555
47291
46242
47902
48073
47910
48067
47675
46684
47934
47118
48078

47290
48078
46649
47506
46233
47692
47990
47709
48062
47583
46854
48051
47054
47847

47290
48078
46649
47506
46233
47692
47990
47709
48062
47583
46854
48051
47054
47847

47398
47866
46793
47484
46029
47935
47949
47936
47841
47485
46903
47840
47244
48097

47398
47866
46793
47484
46029
47935
47949
47936
47841
47485
46903
47840
47244
48097

47434
48088
46510
47351
46242
47779
48074
47869
48062
47664
46718
48061
47006
48069

47434
48088
46510
47351
46242
47779
48074
47869
48062
47664
46718
48061
47006
48069

47227
48045
46715
47522
46035
47846
47884
47774
47890
47506
46949
48039
47230
47896

47227
48045
46715
47522
46035
47846
47884
47774
47890
47506
46949
48039
47230
47896

47463
47940
46526
47328
46253
47898
48107
47941
48020
47709
46706
47895
47015
48106

47463
47940
46526
47328
46253
47898
48107
47941
48020
47709
46706
47895
47015
48106

47242
48100
46692
47543
46028
47778
47879
47724
47932
47490
46946
48073
47180
47882

47242
48100
46692
47543
46028
47778
47879
47724
47932
47490
46946
48073
47180
47882

47429
47868
46605
47294
46212
47878
48086
47948
47968
47697
46707
47849
47222
48090

47429
47868
46605
47294
46212
47878
48086
47948
47968
47697
46707
47849
47222
48090

47268
48087
46538
47517
46245
47582
47991
47705
48055
47627
46912
48064
47111
47856

47268
48087
46538
47517
46245
47582
47991
47705
48055
47627
46912
48064
47111
48078

47378
47939
46753
47493
46132
47804
47917
47920
47806
47483
46944
47938
47500
48078

47455
48000
46548
47305
46380
47788
48084
47921
48037
47682
46766
47964
47407
48093

47455
48000
46548
47305
46380
47788
48084
47921
48037
47682
46766
47964
47407
48093

47230
48084
46753
47513
46320
47672
47849
47688
48015
47522
46900
48058
47606
47861

47226
48080
46657
47678
45972
47833
47899
47799
47961
47236
47292
48079
47122
47883

47226
48080
46657
47678
45972
47833
47899
47799
47961
47236
47292
48079
47122
47883

47495
47907
46498
47472
46169
47868
48115
48008
48023
47501
47071
47908
46947
48116

47495
47907
46498
47472
46169
47868
48115
48008
48023
47501
47071
47908
46947
48116

47495
47907
46498
47472
46169
47868
48115
48008
48023
47501
47071
47908
46947
48116

47306
48085
46676
47641
46089
47748
47849
47749
48058
47270
47041
48085
47143
47865

47306
48085
46676
47641
46089
47748
47849
47749
48058
47270
47041
48085
47143
47865

47611
47860
46701
47446
46024
47915
48081
47953
47889
47446
46853
47863
47187
48091

47611
47860
46701
47446
46024
47915
48081
47953
47889
47446
46853
47863
47187
48091

47611
47860
46701
47446
46024
47915
48081
47953
47889
47446
46853
47863
47187
48091

47473
48083
46689
47545
46163
47687
48014
47814
48082
47483
46996
48083
46998
47911

47473
48083
46689
47545
46163
47687
48014
47814
48082
47483
46996
48083
46998
47911

47429
47888
46790
47633
45968
47932
47926
47929
47882
47298
47079
47930
47230
48050

47429
47888
46790
47633
45968
47932
47926
47929
47882
47298
47079
47930
47230
48050

47595
48100
46587
47427
46189
47714
48047
47898
48110
47519
46827
48061
47011
47996

47595
48100
46587
47427
46189
47714
48047
47898
48110
47519
46827
48061
47011
47996

47316
48070
46768
47589
46018
47899
47881
47825
47954
47276
46996
48067
47165
47954

47316
48070
46768
47589
46018
47899
47881
47825
47954
47276
46996
48067
47165
47954

47316
48070
46768
47589
46018
47899
47881
47825
47954
47276
46996
48067
47165
47954

47504
47825
46730
47538
46033
47874
48045
47943
47936
47514
46965
47838
47164
48056

47504
47825
46730
47538
46033
47874
48045
47943
47936
47514
46965
47838
47164
48056

47369
48148
46581
47523
46210
47745
47985
47811
48139
47462
46814
48136
47032
47919

47369
48148
46581
47523
46210
47745
47985
47811
48139
47462
46814
48136
47032
47919

47503
47887
46766
47591
45931
47897
47981
47977
47835
47435
46933
47932
47207
48068

47503
47887
46766
47591
45931
47897
47981
47977
47835
47435
46933
47932
47207
48068

47535
48026
46653
47411
46163
47902
48074
47961
48064
47439
46719
47984
47096
48079

47535
48026
46653
47411
46163
47902
48074
47961
48064
47439
46719
47984
47096
48079

47310
48080
46699
47633
45962
47708
47857
47733
47945
47253
46893
48080
47084
47861

47310
48080
46699
47633
45962
47708
47857
47733
47945
47253
46893
48080
47084
47861

47452
47801
46680
47449
46106
47853
48017
47907
47897
47499
46755
47800
47114
48025

47452
47801
46680
47449
46106
47853
48017
47907
47897
47499
46755
47800
47114
48025

47359
48189
46629
47540
46313
47790
48062
47830
48165
47672
46854
48172
47061
47963

47359
48189
46629
47540
46313
47790
48062
47830
48165
47672
46854
48172
47061
47963

47514
47870
46739
47448
46019
47939
48000
47986
47844
47593
46842
47847
47221
48101

47514
47870
46739
47448
46019
47939
48000
47986
47844
47593
46842
47847
47221
48101

47475
48089
46479
47404
46211
47677
48034
47881
48069
47657
46793
48062
46969
47970

47475
48089
46479
47404
46211
47677
48034
47881
48069
47657
46793
48062
46969
47970

47279
48031
46785
47532
45994
47912
47901
47816
47892
47441
46899
48049
47176
47975

47279
48031
46785
47532
45994
47912
47901
47816
47892
47441
46899
48049
47176
47975

47279
48031
46785
47532
45994
47912
47901
47816
47892
47441
46899
48049
47176
47975

47531
47935
46611
47338
46266
47928
48102
47980
48040
47693
46710
47879
47087
48107

47531
47935
46611
47338
46266
47928
48102
47980
48040
47693
46710
47879
47087
48107

47318
48041
46632
47482
46210
47666
47980
47738
48020
47618
46888
48024
47055
47820

47318
48041
46632
47482
46210
47666
47980
47738
48020
47618
46888
48024
47055
47820

47318
48041
46632
47482
46210
47666
47980
47738
48020
47618
46888
48024
47055
47820

47427
47965
46597
47393
46123
47966
48017
48002
47938
47572
46852
47948
47091
48174

47427
47965
46597
47393
46123
47966
48017
48002
47938
47572
46852
47948
47091
48174

47199
48100
46691
47546
46087
47774
47868
47731
47944
47494
46960
48077
47203
47880

47199
48100
46691
47546
46087
47774
47868
47731
47944
47494
46960
48077
47203
47880

47199
48100
46691
47546
46087
47774
47868
47731
47944
47494
46766
47892
47018
48119

47460
47909
46545
47344
46208
47847
48131
47974
48003
47734
46766
47892
47018
48119

47460
47909
46545
47344
46208
47847
48131
47974
48003
47734
46766
47892
47018
48119

47194
48016
46738
47566
46040
47835
47880
47811
47865
47474
46908
48026
47234
47900

47194
48016
46738
47566
46040
47835
47880
47811
47865
47474
46908
48026
47234
47900

47411
47954
46657
47308
46236
47914
48086
47980
48040
47652
46610
47901
47132
48088

47411
47954
46657
47308
46236
47914
48086
47980
48040
47652
46610
47901
47132
48088

47411
47954
46657
47308
46236
47914
48086
47980
48040
47652
46610
48034
47033
47866

47285
48056
46704
47496
46195
47585
47998
47808
48015
47629
46856
48034
47033
47866

47285
48056
46704
47496
46195
47585
47998
47808
48015
47629
46856
48034
47033
47866

47261
47887
46751
47493
46048
47833
47943
47952
47858
47497
46856
47868
47308
48080

47261
47887
46751
47493
46048
47833
47943
47952
47858
47497
46856
47868
47308
48080

47371
48052
46476
47332
46368
47776
48037
47941
48015
47658
46699
48036
47329
48055

47371
48052
46476
47332
46368
47776
48037
47941
48015
47658
46699
48036
47329
48055

47371
48052
46476
47332
46368
47776
48037
47941
48015
47658
46699
48036
47329
48055

47192
48120
46688
47554
46207
47639
47884
47795
47950
47479
46977
48099
47431
47890

47192
48120
46688
47554
46207
47639
47884
47795
47950
47479
46977
48099
47431
47890

47192
48120
46688
47554
46207
47639
47884
47795
47950
47479
46977
48099
47431
47890

47438
47849
46738
47344
46313
47835
48073
47974
47932
47693
46774
47828
47600
48082

47438
47849
46738
47344
46313
47835
48073
47974
47932
47693
46774
47828
47600
48082

47229
48109
46597
47486
46373
47636
47956
47777
48073
47607
46985
48085
47449
47884

47229
48109
46597
47486
46373
47636
47956
47777
48073
47607
46985
48085
47449
47884

47229
48109
46597
47486
46373
47636
47956
47777
48073
47607
46985
48085
47449
47884

47401
47858
46822
47459
46136
47857
47992
47990
47815
47548
46891
47837
47676
48089

47401
47858
46822
47459
46136
47857
47992
47990
47815
47548
46891
47837
47676
48089

47416
48085
46640
47381
46372
47747
48039
47923
48054
47657
46858
48073
47452
48065

47416
48085
46640
47381
46372
47747
48039
47923
48054
47657
46858
48073
47452
48065

47416
48085
46640
47381
46372
47747
48039
47923
48054
47657
46858
48073
47452
48065

47197
48021
46699
47470
46328
47744
47983
47802
48004
47617
46941
48015
47605
47823

47197
48021
46699
47470
46328
47744
47983
47802
48004
47617
46941
48015
47605
47823

47385
47869
46794
47470
46230
47934
47960
47944
47858
47492
46958
47871
47663
48119

47385
47869
46794
47470
46230
47934
47960
47944
47858
47492
46958
47871
47663
48119

47385
47869
46794
47470
46230
47934
47960
47944
47858
47492
46958
47871
47663
48119

47274
48100
46566
47436
46381
47667
48011
47815
48079
47692
46930
48093
47439
47886

47274
48100
46566
47436
46381
47667
48011
47815
48079
47692
46930
48093
47439
47886

47354
47953
46779
47506
46125
47861
47926
47907
47823
47482
47002
47951
47662
48080

47354
47953
46779
47506
46125
47861
47926
47907
47823
47482
47002
47951
47662
48080

47450
48055
45984
47350
46499
47698
48054
47897
48088
47693
46892
48057
47464
47995

47450
48055
45984
47350
46499
47698
48054
47897
48088
47693
46892
48057
47464
47995

47417
47850
46709
47352
46258
47576
48074
47958
47946
47718
46937
47856
47384
48087

47393
47958
46707
47541
46163
47583
47900
47895
47852
47501
47253
47966
47354
48080

47418
47958
46449
47282
46367
47559
48054
47931
48067
47660
47117
47954
47246
48068

47418
47958
46449
47282
46367
47559
48054
47931
48067
47660
47117
47954
47246
48068

47385
48055
46259
47510
46352
47324
47995
47789
48062
47660
47446
48062
46962
47902

47385
48058
46421
47520
46129
47571
47885
47873
47939
47462
47479
48064
47175
48006

47232
48058
46421
47520
46129
47571
47885
47873
47939
47462
47479
48064
47175
48006

47416
47832
46402
47375
46331
47637
48045
47942
47963
47663
47397
47837
47192
48059

47416
47832
46402
47375
46331
47637
48045
47942
47963
47663
47397
47837
47192
48059

47416
47832
46288
47489
46317
47630
47922
47818
48067
47533
47396
48154
47059
47930

47281
48153
46288
47489
46317
47630
47922
47818
48067
47533
47396
48154
47059
47930

47281
48153
46288
47489
46317
47630
47922
47818
47955
47719
47238
47870
47206
48099

47442
47866
46337
47316
46164
47844
48092
47984
47955
47719
47238
47870
47206
48099

47442
47866
46181
47526
46276
47633
47992
47770
48077
47658
47445
48084
47011
47856

47258
48085
46181
47526
46276
47633
47992
47770
48077
47658
47445
48084
47011
47856

47258
48085
46181
47526
46276
47633
47992
47770
47874
47518
47432
47872
47191
48102

47370
47868
46370
47497
46046
47919
47945
47967
47874
47518
47432
47872
47191
48102

47370
47868
46370
47497
46046
47919
47945
47967
47874
47518
47432
47872
47191
48102

47329
48025
46263
47480
46116
47805
47964
47850
47974
47590
47381
48032
47084
47978

47329
48025
46263
47480
46116
47805
47964
47850
47974
47590
47381
48032
47084
47978

47393
47983
46292
47371
46188
47849
48023
47890
48031
47635
47262
47974
47111
48033

47287
48103
46127
47406
46255
47674
48021
47816
48105
47688
47309
48102
46961
47884

47427
47849
46573
47618
45942
47891
47972
47965
47855
47520
47193
47903
47302
48085

47427
47849
46573
47618
45942
47891
47972
47965
47855
47520
47193
47903
47302
48085

47448
48087
46356
47430
46163
47766
48089
47913
48090
47661
47127
48039
47110
48073

47448
48087
46356
47430
46163
47766
48089
47913
48090
47661
47127
48039
47110
48073

47207
48085
46578
47646
46017
47788
47855
47795
48006
47421
47420
48083
47302
47873

47207
47826
46484
47545
46031
47835
48060
47959
47908
47659
47271
47830
47148
48061

47389
47826
46484
47545
46031
47835
48060
47959
47908
47659
47271
47830
47148
48061

47418
48091
46413
47483
46156
47718
48042
47918
48092
47621
47201
48091
46979
47996

47418
48091
46413
47483
46156
47718
48042
47918
48092
47621
47201
48091
46979
47996

47195
48078
46741
47638
45966
47873
47906
47823
47931
47392
47399
48078
47183
47955

47195
48078
46741
47638
45966
47873
47906
47823
47931
47392
47399
48078
47183
47955

47425
47841
46657
47451
46136
47876
48066
47939
47991
47588
47157
47840
47118
48066

47425
47841
46657
47451
46136
47876
48066
47939
47991
47588
47157
47840
47118
48066

47388
48080
46473
47561
46149
47660
48025
47822
48079
47592
47298
48080
46928
47924

47388
48080
46473
47561
46149
47660
48025
47822
48079
47592
47298
48080
46928
47924

47272
47934
46719
47669
45960
47937
47941
47921
47886
47424
47344
47932
47196
48041

47272
47934
46719
47669
45960
47937
47941
47921
47886
47424
47344
47932
47196
48041

47407
48017
46598
47421
46133
47879
48066
47982
48064
47561
47058
48016
47096
48066

47407
48017
46598
47421
46133
47879
48066
47982
48064
47561
47058
48016
47096
48066

47278
48065
46496
47620
46180
47667
48008
47778
48063
47484
47254
48066
46932
47841

47278
48065
46496
47620
46180
47667
48008
47778
48063
47484
47254
48066
46932
47841

47401
47887
46755
47553
46037
47929
47945
47948
47890
47523
47238
47888
47218
48112

47401
47887
46755
47553
46037
47929
47945
47948
47890
47523
47238
47888
47218
48112

47437
48096
46545
47541
46176
47692
48047
47889
48094
47745
47159
48097
46955
47976

47437
48096
46545
47541
46176
47692
48047
47889
48094
47745
47159
48097
46955
47976

47228
48022
46672
47652
45946
47905
47905
47846
47901
47439
47275
48069
47129
47977

47228
48022
46672
47652
45946
47905
47905
47846
47901
47439
47275
48069
47129
47977

47228
48022
46672
47652
45946
47905
47905
47846
47901
47439
47275
48069
47129
47977

47461
47934
46425
47452
46175
47901
48103
47993
48057
47624
47082
47893
47031
48103

47461
47934
46425
47452
46175
47901
48103
47993
48057
47624
47082
47893
47031
48103

47240
48090
46592
47679
46140
47685
47890
47739
48080
47320
47326
48088
47057
47861

47240
48090
46592
47679
46140
47685
47890
47739
48080
47320
47326
48088
47057
47861

47445
47860
46626
47520
45979
47918
48059
47992
47859
47462
47178
47864
47123
48092

47445
47860
46626
47520
45979
47918
48059
47992
47859
47462
47178
47864
47123
48092

47428
48082
46368
47613
46168
47675
48024
47869
48082
47512
47258
48086
46910
47960

47428
48082
46368
47613
46168
47675
48024
47869
48082
47512
47258
48086
46910
47960

47205
48048
46727
47640
46118
47877
47890
47798
48039
47242
47384
48046
47132
47943

47205
48048
46727
47640
46118
47877
47890
47798
48039
47242
47384
48046
47132
47943

47205
48048
46727
47640
46118
47877
47890
47798
48039
47242
47384
48046
47132
47943

47592
47942
46646
47512
46051
47788
48084
47976
47943
47465
47123
47944
46997
48080

47592
47942
46646
47512
46051
47788
48084
47976
47943
47465
47123
47944
46997
48080

47354
48077
46640
47617
45954
47891
47890
47803
47959
47211
47105
48076
47168
47945

47354
48077
46640
47617
45954
47891
47890
47803
47959
47211
47105
48076
47168
47945

47354
48077
46640
47617
45954
47891
47890
47803
47959
47211
47105
48076
47168
48088

47575
47862
46709
47391
46164
47915
48073
47972
47984
47463
46793
47867
47185
48088

47575
47862
46709
47391
46164
47915
48073
47972
47984
47463
46793
47867
47185
48088

47362
48106
46647
47629
46173
47718
47917
47751
48105
47364
47035
48107
47011
47877

47362
48106
46647
47629
46173
47718
47917
47751
48105
47364
47035
48107
47011
47877

47362
48106
46756
47573
45933
47904
48008
47991
47848
47414
46987
47896
47208
48076

47538
47844
46756
47573
45933
47904
48008
47991
47848
47414
46987
47896
47208
48076

47538
47844
46756
47573
45933
47904
48008
47991
47848
47414
46987
47896
47208
48076

47577
48100
46550
47431
46170
47736
48039
47921
48099
47541
46781
48051
46996
48011

47577
48100
46550
47431
46170
47736
48039
47921
48099
47541
46781
48051
46996
48011

47303
48065
46883
47604
46071
47837
47872
47790
48052
47346
46951
48064
47191
47923

47303
48065
46883
47604
46071
47837
47872
47790
48052
47346
46951
48064
47191
47923

47533
47832
46795
47575
45983
47899
48056
47954
47841
47452
46976
47870
47188
48066

47533
47832
46795
47575
45983
47899
48056
47954
47841
47452
46976
47870
47188
48066

47533
47832
46795
47575
46156
47832
48065
47975
48070
47500
46757
48042
46966
48067

47542
48076
46583
47427
46156
47832
48065
47975
48070
47500
46757
48042
46966
48067

47542
48076
46583
47427
46156
47832
48065
47975
48070
47500
46757
48042
46966
48067

47291
48073
46733
47624
46138
47732
47916
47727
48061
47379
46944
48071
47158
47849

47291
48073
46733
47624
46138
47732
47916
47974
47847
47337
46863
47860
47189
48090

47529
47859
46741
47554
45948
47924
47996
47974
47847
47337
46863
47860
47189
48090

47404
48109
46549
47516
46197
47696
48047
47820
48088
47534
46741
48106
46995
47889

47404
48109
46549
47516
46197
47696
48047
47820
48088
47534
46741
48106
46995
47889

47373
47964
46831
47544
45988
47915
47910
47902
47835
47431
46893
48009
47176
48075

47373
47964
46831
47544
45988
47915
47910
47902
47835
47431
46893
48009
47176
48075

47497
47956
46736
47302
46202
47893
48068
47936
48052
47679
46659
47882
47203
48069

47497
47956
46736
47302
46202
47893
48068
47936
48052
47679
46659
47882
47203
48069

47319
48024
46526
47473
46168
47625
47966
47733
47994
47583
46832
48004
46909
47803

47319
48024
46526
47473
46168
47625
47966
47733
47994
47583
46832
48004
46909
47803

47425
48055
46736
47568
46043
47968
47955
47960
47922
47499
46941
48045
47254
48125

47425
48055
46736
47568
46043
47968
47955
47960
47922
47499
46941
48045
47254
48125

47499
47950
46495
47323
46246
47877
48096
47994
48038
47689
46703
47919
47040
48103

47499
47950
46495
47323
46246
47877
48096
47994
48038
47689
46703
47919
47040
48103

47260
48052
46615
47480
46216
47720
47962
47761
48031
47634
46912
48034
47121
47822

47260
48052
46615
47480
46216
47720
47962
47761
48031
47634
46912
48034
47121
47822

47260
48052
46615
47480
46216
47720
47944
47935
47850
47459
46925
47888
47213
48094

47394
47910
46680
47536
46026
47892
47944
47935
47850
47459
46925
47888
47213
48094

47394
47910
46680
47536
46026
47892
47944
47935
47850
47459
46925
47888
47213
48094

47415
48044
46561
47301
46243
47758
48089
47983
48068
47672
46714
48024
47031
48081

47415
48044
46561
47301
46243
47758
48089
47983
48068
47672
46714
48024
47031
48081

47181
48092
46797
47543
46135
47661
47859
47731
48006
47453
46932
48069
47214
47870

47181
48092
46797
47543
46135
47661
47859
47731
48006
47453
46932
48069
47214
47870

47181
48092
46797
47543
46135
47661
47859
47731
48006
47453
46932
48069
47214
47870

47384
47855
46681
47341
46145
47789
48084
47967
47893
47682
46815
47843
47206
48086

47384
47855
46681
47341
46145
47789
48084
47967
47893
47682
46815
47843
47206
48086

47298
48088
46504
47457
46231
47582
48028
47802
48043
47704
47016
48072
46987
47875

47298
48088
46504
47457
46231
47582
48028
47802
48043
47704
47016
48072
46987
47875

47260
47969
46727
47534
45993
47813
47912
47923
47820
47464
47015
47986
47196
48070

47260
47969
46727
47534
45993
47813
47912
47923
47820
47464
47015
47986
47196
48070

47365
47953
46622
47291
46207
47785
48065
47979
48032
47685
46740
47879
47188
48066

47365
47953
46622
47291
46207
47785
48065
47979
48032
47685
46740
47879
47188
48066

47186
48104
46580
47546
46265
47606
47946
47781
48068
47568
47064
48076
47127
47877

47186
48104
46580
47546
46265
47606
47946
47781
48068
47568
47064
48076
47127
47877

47394
47857
46760
47409
46150
47819
47991
47995
47821
47560
46978
47837
47530
48089

47394
47857
46760
47409
46150
47819
47991
47995
47821
47560
46978
47837
47530
48089

47356
48048
46630
47359
46338
47797
48038
47958
48011
47634
46792
48025
47499
48052

47356
48048
46630
47359
46338
47797
48038
47958
48011
47634
46792
48025
47499
48052

47212
48109
46729
47556
46264
47659
47875
47775
47946
47509
46981
48103
47520
47890

47212
48109
46729
47556
46264
47659
47875
47775
47946
47509
46981
48103
47520
47890

47404
47851
46568
47295
46298
47840
48066
47967
47928
47677
46766
47833
47566
48078

47404
47851
46568
47295
46298
47840
48066
47967
47928
47677
46766
47833
47566
48078

47299
48096
46697
47544
46350
47635
48004
47797
48054
47694
47000
48077
47483
47866

47299
48096
46697
47544
46350
47635
48004
47797
48054
47694
47000
48077
47483
47866

47374
47908
46749
47527
46098
47895
47929
47947
47838
47492
46998
47942
47661
48089

47374
47908
46749
47527
46098
47895
47929
47947
47838
47492
46998
47942
47661
48089

47374
47908
46749
47527
46348
47849
48075
47984
48049
47656
46744
47961
47521
48084

47424
48032
46625
47296
46348
47849
48075
47984
48049
47656
46744
47961
47521
48084

47424
48032
46625
47296
46348
47849
48075
47984
48049
47656
46744
48052
47590
47858

47172
48087
46906
47537
46349
47703
47883
47748
48048
47483
46934
48052
47590
47858

47172
48087
46906
47537
46349
47703
47883
47748
48048
47483
46934
48052
47590
47858

47413
47844
46794
47426
46171
47868
48048
47980
47832
47617
46835
47846
47648
48090

47402
48065
46514
47423
46388
47688
48012
47905
48040
47665
46970
48069
47433
48035

47402
48065
46514
47423
46388
47688
48012
47905
48040
47665
46970
48069
47433
48035

47402
48065
46751
47546
46147
47867
47897
47793
47890
47483
47065
48076
47665
47907

47209
48027
46751
47546
46147
47867
47897
47793
47890
47483
47065
48076
47665
47907

47209
48027
46751
47546
46147
47867
47897
47793
47890
47483
47065
48076
47665
48077

47417
47895
46657
47317
46364
47934
48059
47942
48006
47679
46817
47856
47642
48077

47417
47895
46657
47317
46364
47934
48059
47942
48006
47679
46817
47856
47642
48077

47324
48073
46544
47503
46355
47712
48000
47792
48056
47654
47081
48070
47367
47902

47324
48073
46544
47503
46355
47712
48000
47792
48056
47654
47081
48070
47367
47902

47268
47972
46805
47532
46160
47958
47900
47882
47846
47439
47103
48020
47662
48028

47268
47972
46805
47532
46160
47958
47900
47882
47846
47439
47103
48020
47662
48028

47405
47972
46636
47291
46422
47905
48077
47989
48071
47667
46868
47925
47593
48090

47443
47968
46018
47254
46449
47898
48076
47961
48070
47665
46854
47921
47577
48088

47443
47968
46018
47254
46449
47898
48076
47961
48070
47665
46854
47921
47577
48088

47235
48098
46143
47475
46416
47695
47895
47746
48065
47496
47121
48095
47502
47870

47235
48098
46143
47475
46416
47695
47895
47746
48065
47496
47121
48095
47502
47870

47450
47864
46187
47290
46264
47912
48058
47980
47855
47626
46933
47869
47642
48099

47450
47864
46187
47290
46264
47912
48058
47980
47855
47626
46933
47869
47642
48099

47420
48064
45820
47393
46433
47713
48004
47897
48047
47653
47083
48061
47341
48012

47420
48064
45820
47393
46433
47713
48004
47897
48047
47653
47083
48061
47341
48012

47235
47986
46090
47472
46242
47876
47915
47816
47865
47486
47164
48035
47555
47933

47235
47986
46090
47472
46242
47876
47915
47816
47865
47486
47164
48035
47555
47933

47440
47974
45909
47237
46392
47910
48067
47972
48077
47667
46923
47926
47369
48088

47440
47974
45909
47237
46392
47910
48067
47972
48077
47667
46923
47926
47369
48088

47241
48064
45963
47425
46386
47664
47965
47774
48049
47633
47120
48064
47278
47833

47241
48064
45963
47425
46386
47664
47965
47774
48049
47633
47120
48064
47278
47833

47241
48064
45963
47425
46386
47664
47965
47774
48049
47633
47120
48064
47278
47833

47389
47876
46101
47410
46192
47923
47946
47946
47867
47429
47029
47879
47494
48107

47389
47876
46101
47410
46192
47923
47946
47946
47867
47429
47029
47879
47494
48107

47406
48109
45909
47335
46415
47703
48045
47831
48099
47680
46901
48111
47255
47914

47406
48109
45909
47335
46415
47703
48045
47831
48099
47680
46901
48111
47255
47914

47300
47968
46091
47457
46154
47909
47904
47898
47846
47416
47099
48020
47427
48053

47300
47968
46091
47457
46154
47909
47904
47898
47846
47416
47099
48020
47427
48053

47444
47969
45946
47222
46435
47897
48075
47966
48080
47709
46882
47924
47351
48089

47444
47969
45946
47222
46435
47897
48075
47966
48080
47709
46882
47924
47351
48089

47279
48069
46212
47508
46209
47715
47886
47764
47942
47564
47169
48112
47307
47902

47279
48069
46212
47508
46209
47715
47886
47764
47942
47564
47169
48112
47307
47902

47428
47916
46196
47225
46379
47911
48067
47980
48027
47819
46854
47873
47406
48087

47428
47916
46196
47225
46379
47911
48067
47980
48027
47819
46854
47873
47406
48087

47428
47916
46196
47225
46379
47911
48067
47980
48027
47819
46854
47873
47406
48087

47240
48112
46189
47489
46344
47699
47870
47762
48094
47675
47114
48109
47227
47885

47240
48112
46189
47489
46344
47699
47870
47762
48094
47675
47114
48109
47227
47885

47463
47865
46354
47307
46263
47919
48090
47975
47866
47795
46872
47869
47429
48097

47463
47865
46354
47307
46263
47919
48090
47975
47866
47795
46872
47869
47429
48097

47248
48116
46137
47458
46424
47699
47957
47768
48106
47709
47085
48114
47262
47887

47248
48116
46137
47458
46424
47699
47957
47768
48106
47709
47085
48114
47262
47887

47433
47850
46363
47466
46182
47911
47988
47969
47844
47685
47108
47890
47368
48082

47433
47850
46363
47466
46182
47911
47988
47969
47844
47685
47108
47890
47368
48082

47433
47850
46363
47466
46182
47911
47988
47969
47844
47685
47108
47890
47368
48082

47395
48113
46231
47401
46429
47706
48043
47836
48107
47812
46915
48076
47137
47944

47395
48113
46231
47401
46429
47706
48043
47836
48107
47812
46915
48076
47137
47944

47257
47903
46355
47535
46199
47928
47925
47924
47874
47581
47183
47930
47385
48050

47257
47903
46355
47535
46199
47928
47925
47924
47874
47581
47183
47930
47385
48050

47385
48039
46245
47270
46332
47804
48047
47942
48057
47739
46970
48014
47299
48065

47385
48039
46245
47270
46332
47804
48047
47942
48057
47739
46970
48014
47299
48065

47242
48075
46434
47513
46356
47404
47979
47720
48068
47684
47158
48066
47198
47847

47242
48075
46434
47513
46356
47404
47979
47720
48068
47684
47158
48066
47198
47847

47242
47818
46809
47430
46114
47567
47893
47915
47822
47556
47053
47825
47365
48055

47349
47818
46809
47430
46114
47567
47893
47915
47822
47556
47053
47825
47365
48055

47349
47818
46809
47430
46114
47567
47893
47915
47822
47556
47053
47825
47365
48055

47454
48106
46668
47396
46440
47531
48109
47972
48113
47771
46925
48118
47194
48111

47454
48106
46668
47396
46440
47531
48109
47972
48113
47771
46925
48058
47335
47843

47154
48043
46711
47521
46274
47395
47827
47705
47999
47470
47155
48058
47335
47843

47486
47904
46643
47364
46296
47621
48128
47994
47964
47755
46979
47914
47358
48143

47486
47904
46643
47364
46296
47621
48128
47994
47964
47755
46979
47914
47358
48143

47198
48082
46616
47521
46363
47361
47927
47715
48079
47595
47211
48083
47180
47856

47198
48082
46616
47521
46363
47361
47927
47715
48079
47595
47211
48083
47180
47856

47432
47851
46737
47493
46153
47586
47986
47953
47856
47557
47113
47855
47386
48087

47432
47851
46737
47493
46153
47586
47986
47953
47856
47557
47113
47855
47386
48087

47455
48080
46376
47353
46358
47440
48054
47882
48083
47703
47070
48084
47128
48065

47238
47989
46527
47559
46164
47516
47882
47813
47881
47513
47448
48043
47221
47904

47238
47989
46527
47559
46164
47516
47882
47813
47881
47513
47448
48043
47221
47904

47291
47970
46333
47531
46008
47814
47897
47917
47854
47469
47461
48014
47181
48076

47393
47937
46286
47318
46223
47864
48053
47968
48059
47688
47231
47897
47188
48066

47393
47937
46286
47318
46223
47864
48053
47968
48059
47688
47231
47897
47188
48066

47226
48098
46325
47507
46274
47697
47972
47752
48097
47647
47444
48101
46984
47875

47426
47879
46431
47377
46062
47921
47998
48010
47885
47572
47236
47885
47212
48113

47426
47879
46431
47377
46062
47921
47998
48010
47885
47572
47236
47885
47212
48113

47328
48073
46148
47469
46274
47667
48022
47838
48083
47678
47416
48084
46943
47915

47328
48073
46148
47469
46274
47667
48022
47838
48083
47678
47416
48084
46943
47915

47306
47911
46374
47575
46049
47895
47925
47908
47879
47506
47396
47927
47222
48049

47306
47911
46374
47575
46049
47895
47925
47908
47879
47506
47396
47927
47222
48049

47420
48024
46265
47380
46190
47867
48063
47937
48063
47711
47046
48012
47195
48065

47234
48109
46489
47693
46043
47691
47893
47780
47995
47513
47216
48111
47210
47894

47234
48109
46489
47693
46043
47691
47893
47780
47995
47513
47216
48111
47210
47894

47486
47916
46478
47480
46203
47806
48105
47965
48034
47733
47032
47919
47205
48115

47486
47916
46478
47480
46203
47806
48105
47965
48034
47733
47032
47919
47205
48115

47219
48005
46754
47681
45981
47813
47912
47824
47889
47501
47253
48044
47389
47902

47219
48005
46754
47681
45981
47813
47912
47824
47889
47501
47253
48044
47389
47902

47409
47933
46528
47445
46138
47860
48065
47936
48053
47639
47151
47896
47342
48065

47409
47933
46528
47445
46138
47860
48065
47936
48053
47639
47151
47896
47342
48065

47281
48085
46420
47596
46169
47662
48026
47773
48085
47651
47457
48086
47066
47861

47281
48085
46420
47596
46169
47662
48026
47773
48085
47651
47457
48086
47066
47861

47352
48033
46537
47628
45916
47850
47896
47894
47894
47426
47333
48056
47157
48063

47352
48033
46537
47628
45916
47850
47896
47894
47894
47426
47333
48056
47157
48063

47352
48033
46537
47628
45916
47850
47896
47894
47894
47426
47333
48056
47157
48063

47444
47901
46426
47421
46163
47936
48104
47988
48046
47639
47202
47884
47064
48105

47444
47901
46426
47421
46163
47936
48104
47988
48046
47639
47202
47884
47064
48105

47216
48109
46612
47657
46055
47719
47880
47768
47994
47418
47427
48105
47039
47881

47216
48109
46612
47657
46055
47719
47880
47768
47994
47418
47427
48105
47039
47881

47216
48109
46612
47657
46055
47719
47880
47768
47994
47418
47427
47834
47175
48065

47415
47829
46716
47523
46036
47878
48064
47962
47949
47587
47279
47834
47175
48065

47415
47829
46716
47523
46036
47878
48064
47962
47949
47587
47279
47834
47175
48065

47416
48089
46563
47526
46150
47669
48040
47881
48089
47633
47207
48088
46957
47975

47416
48089
46563
47526
46150
47669
48040
47881
48089
47633
47207
48088
46957
47975

47205
48067
46653
47633
46059
47902
47883
47825
48031
47372
47320
48061
47180
47950

47205
48067
46653
47633
46059
47902
47883
47825
48031
47372
47320
48061
47180
47950

47460
47878
46661
47476
46040
47920
48107
47996
47913
47587
47125
47879
47125
48107

47460
47878
46661
47476
46040
47920
48107
47996
47913
47587
47125
47879
47125
48107

47396
48066
46465
47626
46201
47659
48008
47767
48062
47484
47267
48063
46924
47897

47396
48066
46465
47626
46201
47659
48008
47767
48062
47484
47267
48063
46924
47897

47262
48067
46624
47622
46075
47896
47891
47881
47951
47502
47264
48063
47136
48003

47262
48067
46624
47622
46075
47896
47891
47881
47951
47502
47264
48063
47136
48003

47471
47876
46588
47426
46100
47920
48106
47992
47992
47759
47101
47878
47124
48107

47471
47876
46588
47426
46100
47920
48106
47992
47992
47759
47101
47878
47124
48107

47229
48089
46622
47652
46168
47685
47949
47743
48085
47566
47296
48087
47004
47858

47451
47854
46666
47596
45955
47901
47989
47959
47854
47499
47296
47856
47144
48086

47451
47854
46666
47596
45955
47901
47989
47959
47854
47499
47296
47856
47144
48086

47325
48129
46427
47547
46206
47727
48047
47793
48127
47563
47080
48129
46961
47904

47325
48129
46427
47547
46206
47727
48047
47793
48127
47563
47080
48129
46961
47904

47379
47901
46548
47658
45934
47909
47936
47974
47857
47376
47143
47905
47159
48085

47454
48038
46406
47440
46159
47846
48079
47979
48087
47505
46759
48038
46908
48079

47454
48038
46406
47440
46159
47846
48079
47979
48087
47505
46759
48038
46908
48079

47234
48089
46678
47667
46095
47747
47847
47728
48066
47294
47096
48087
47125
47868

47523
47833
46721
47551
45995
47900
48053
47926
47856
47405
47001
47836
47130
48066

47523
48086
46570
47443
46171
47781
48079
47911
48085
47446
46822
48086
46943
48067

47598
48086
46570
47443
46171
47781
48079
47911
48085
47446
46822
48086
46943
48067

47351
48046
46871
47624
45978
47831
47866
47811
47918
47278
47036
48068
47208
47896

47351
48046
46871
47624
45978
47831
47866
47811
47918
47278
47036
48068
47208
47896

47510
47980
46602
47455
46227
47758
48079
47857
48104
47536
46846
47961
47024
47929

47510
47980
46602
47455
46227
47758
48079
47857
48104
47536
46846
47961
47024
47929

47461
47880
46803
47603
45967
47945
47926
47965
47883
47319
47028
47916
47223
48102

47461
47880
46803
47603
45967
47945
47926
47965
47883
47319
47028
47916
47223
48102

47552
48088
46501
47450
46160
47806
48074
47954
48086
47531
46804
48052
46961
48075

47552
48088
46501
47450
46160
47806
48074
47954
48086
47531
46804
48052
46961
48075

47342
48047
46821
47639
45974
47818
47865
47792
47919
47331
46984
48061
47216
47893

47342
48047
46821
47639
45974
47818
47865
47792
47919
47331
46984
48061
47216
47893

47560
47941
46620
47411
46181
47871
48097
48003
48060
47557
46783
47927
47039
48105

47560
47941
46620
47411
46181
47871
48097
48003
48060
47557
46783
47927
47039
48105

47321
48078
46857
47640
46145
47744
47873
47715
48064
47367
46978
48076
47162
47850

47321
48078
46857
47640
46145
47744
47873
47715
48064
47367
46978
48076
47162
47850

47584
47888
46793
47460
45978
47942
48080
48006
47880
47430
46722
47891
47196
48117

47584
47888
46793
47460
45978
47942
48080
48006
47880
47430
46722
47891
47196
48117

47369
48089
46616
47635
46155
47689
47998
47752
48071
47394
46919
48086
46964
47857

47369
48089
46616
47635
46155
47689
47998
47752
48071
47394
46919
48086
46964
47857

47449
47907
46735
47602
45974
47919
47939
47944
47838
47398
46906
47910
47191
48089

47449
47907
46735
47602
45974
47919
47939
47944
47838
47398
46906
47910
47191
48089

47471
48025
46540
47314
46202
47840
48072
47940
48054
47636
46638
48013
46975
48071

47471
48025
46540
47314
46202
47840
48072
47940
48054
47636
46638
48013
46975
48071

47286
48102
46739
47569
46166
47755
47871
47750
48061
47557
46930
48084
47182
47874

47286
48102
46739
47569
46166
47755
47871
47750
48061
47557
46930
48084
47182
47874

47467
47833
46768
47450
46047
47902
48064
47951
47835
47583
46880
47811
47161
48066

47467
47833
46768
47450
46047
47902
48064
47951
47835
47583
46880
47811
47161
48066

47489
48079
46605
47364
46214
47819
48072
47960
48067
47645
46691
48048
46940
48070

47489
48079
46605
47364
46214
47819
48072
47960
48067
47645
46691
48048
46940
48070

47472
47858
46690
47358
46172
47919
48086
47972
48058
47665
46942
48073
46964
47864

47313
48087
46518
47480
46228
47693
48025
47790
48058
47665
46942
48073
46964
47864

47301
47960
46685
47537
46016
47929
47908
47919
47830
47474
46975
47945
47211
48078

47301
47960
46685
47537
46016
47929
47908
47919
47830
47474
46975
47955
47132
48088

47385
47982
46542
47314
46228
47890
48083
47991
48065
47684
46708
47955
47132
48088

47149
48086
46771
47520
46243
47602
47927
47766
48053
47531
46949
48065
47083
47854

47149
48086
46810
47375
46042
47830
48036
48014
47848
47580
46755
47862
47224
48112

47411
47883
46810
47375
46042
47830
48036
48014
47848
47580
46755
47862
47224
48112

47299
48082
46468
47477
46225
47580
48026
47804
48046
47692
46934
48065
46978
47874

47266
47968
46698
47532
46021
47809
47913
47922
47814
47465
46912
47971
47243
48069

47266
47968
46698
47532
46021
47809
47913
47922
47814
47465
46912
47971
47243
48069

47263
47928
46731
47542
46118
47858
47923
47933
47851
47506
46913
47904
47585
48045

47263
47928
46731
47542
46118
47858
47923
47933
47851
47506
46913
47904
47585
48045

47432
48036
46572
47303
46392
47791
48070
47983
48045
47673
46772
48014
47421
48083

47432
48036
46572
47303
46392
47791
48070
47983
48045
47673
46772
48014
47421
48083

47188
48076
46852
47517
46289
47679
47849
47757
48027
47492
46957
48058
47633
47861

47188
48076
46852
47517
46289
47679
47849
47757
48027
47492
46957
48058
47633
47861

47414
47854
46792
47362
46216
47846
48077
47984
47840
47614
46821
47829
47663
48087

47414
47854
46792
47362
46216
47846
48077
47984
47840
47614
46821
47829
47663
48087

47269
48097
46540
47479
46385
47679
48028
47826
48062
47695
46953
48081
47444
47877

47269
48097
46540
47479
46385
47679
48028
47826
48062
47695
46953
48081
47444
47877

47389
47886
46721
47438
46181
47933
47948
47947
47864
47518
46991
47869
47687
48112

47425
48086
46551
47415
46359
47667
48020
47885
48049
47695
46854
48065
47418
47982

47161
48063
46770
47507
46273
47872
47874
47788
48024
47488
46966
48043
47631
47939

47452
47877
46771
47323
46218
47874
48096
47981
47860
47615
46744
47867
47664
48106

47256
48089
46700
47535
46376
47644
47998
47755
48055
47596
47095
48079
47453
47859

47335
47953
46784
47503
46134
47919
47917
47933
47821
47509
47088
47981
47641
48074

47441
47985
46523
47308
46400
47912
48086
47964
48079
47712
46867
47953
47482
48096

47455
48106
45962
47300
46448
47719
48042
47887
48091
47709
46935
48065
47405
47989

47455
48106
45962
47300
46448
47719
48042
47887
48091
47709
46935
48065
47405
47989

47244
47933
46213
47484
46235
47926
47921
47867
47861
47484
47143
47939
47654
48000

47244
47933
46213
47484
46235
47926
47921
47867
47861
47484
47143
47939
47432
48083

47445
48030
45929
47225
46372
47832
48072
47948
48067
47668
46880
48021
47432
48083

47232
48095
46090
47473
46311
47743
47854
47744
48022
47453
47075
48093
47555
47871

47232
48095
46090
47473
46311
47743
47854
47744
48022
47453
47075
48093
47555
47871

47460
47858
46102
47275
46289
47913
48079
47977
47896
47646
46893
47858
47546
48090

47460
47858
46102
47275
46289
47913
48079
47977
47896
47646
46893
47858
47546
48090

47260
48118
45875
47425
46396
47716
47917
47763
48095
47548
47184
48114
47270
47890

47260
48118
45875
47425
46396
47716
47917
47763
48095
47548
47184
48114
47270
47890

47421
47880
46011
47439
46119
47879
48009
47943
47820
47549
47105
47928
47428
48064

47452
48054
45844
47254
46369
47776
48049
47927
48097
47685
46895
48007
47241
48064

47452
48054
45844
47254
46369
47776
48049
47927
48097
47685
46895
48007
47241
48064

47436
47855
46306
47343
46238
47911
48074
47974
47859
47780
46916
47859
47399
48087

47435
48087
46100
47398
46378
47682
48025
47866
48078
47799
47039
48087
47186
47967

47435
48087
46100
47398
46378
47682
48025
47866
48078
47799
47039
48087
47186
47967

47195
48052
46409
47490
46292
47859
47893
47796
48032
47591
47044
48050
47334
47940

47473
47894
46426
47347
46242
47927
48081
47996
47899
47765
46910
47897
47366
48123

47473
47894
46426
47347
46242
47927
48081
47996
47899
47765
46910
47897
47366
48123

47299
48020
46290
47446
46312
47764
48008
47916
48014
47698
47095
48020
47180
48017

47299
48020
46290
47446
46312
47764
48008
47809
47911
47597
47255
47964
47346
47923

47223
47927
46569
47578
46209
47673
47911
47809
47911
47597
47255
47964
47346
47923

47441
48100
46512
47308
46417
47396
48050
47874
48106
47773
46964
48058
47185
47993

47181
48069
46358
47532
46185
47657
47938
47751
48080
47606
47412
48080
47051
47854

47181
48069
46358
47532
45910
47839
47946
47916
47800
47522
47275
47909
47149
48033

47428
47829
46529
47514
46093
47861
48066
47946
47959
47659
47042
47837
47314
48067

47274
48104
46408
47546
46185
47700
48025
47840
48105
47687
47171
48105
47146
47885

47372
47911
46718
47651
45956
47889
47942
47914
47861
47468
47390
47959
47382
48084
